84807
162247
4299
198704
161256
3521
79015
118443
97291
212917
178226
217985
119005
236559
79162
118634
159792
257193
260952
60630
34956
94779
45643
121679
231227
222593
18013
86896
160261
146810
254834
58963
223932
78985
80416
136029
147855
152457
34228
238188
106465
262022
178766
109725
56456
24945
251791
178856
94747
45254
95871
60744
139751
211078
86185
70673
224315
261053
229471
172195
205407
113196
194423
100641
185368
100842
146425
172793
69490
203814
81925
137203
19234
12986
172890
216773
78811
179632
188717
114840
56827
42672
78902
100655
235056
95238
93735
122399
257563
231617
156472
9348
32997
69711
193919
95607
26196
146553
83000
9730
43309
176712
78591
161283
467
37721
36881
258262
230865
100534
106650
80962
18273
94826
73451
104917
13046
87157
34295
53319
234245
106408
98862
205182
100315
130335
35294
172126
204459
50276
248215
223661
251909
118464
58570
170653
76810
73955
185116
150380
194880
218442
35086
53785
218822
167019
210664
133924
102929
101
169649
190888
19094
187256
13815
111584
155319
139700
15121
199372
26635
35284
32458
56353
202874
213421
223970
31628
189077
139506
209785
123265
210444
107819
109990
214354
217132
209457
9460
102030
123125
144672
251424
93675
178660
118297
159706
59686
204380
254052
35132
26863
73035
105654
260972
222322
37407
5883
149490
43877
144996
1415
21984
3422
261765
4549
264213
9492
119162
202593
243647
188581
25971
119197
2224
237423
247957
58948
94890
41000
22185
101975
40355
249096
32486
236793
66894
148955
224716
3371
142535
102255
227845
115509
193478
68407
246441
263480
37306
35473
132911
31059
141415
116205
43571
108606
104897
245760
30130
193917
110961
151944
100415
27626
98327
223573
