32
6
257
18
833
71
545
438
2
705
103
26
782
301
512
12
146
994
47
608
181
366
131
29
377
1
497
475
7
788
537
763
340
780
561
581
49
232
885
384
208
527
399
27
712
404
526
167
388
417
630
34
648
740
143
25
852
138
339
952
609
728
612
839
455
779
897
205
693
884
880
795
281
214
429
453
371
812
591
427
305
737
468
256
30
978
993
746
748
671
317
625
522
24
604
507
328
221
75
817
38
838
595
381
154
46
776
607
171
966
727
423
372
331
266
108
919
148
912
972
673
525
473
425
355
296
229
163
157
87
13
5
891
801
431
405
99
59
74
439
443
385
352
314
267
760
773
707
637
661
611
634
508
528
520
330
333
111
93
955
951
904
903
798
646
633
641
547
519
337
173
53
971
946
895
954
764
925
828
879
639
929
902
847
836
785
775
939
927
864
832
909
814
944
901
837
865
647
577
992
1010
685
1000
655
82
721
1006
631
575
445
500
217
247
948
845
627
31
1012
573
719
663
382
726
477
222
155
81
733
765
414
735
159
887
920
886
1024
896
928
960
959
991
39
777
650
129
498
250
164
162
230
204
203
464
117
110
20
302
168
85
893
827
729
694
601
571
442
409
383
376
347
344
343
279
213
1023
957
1022
761
659
334
400
922
822
629
240
855
790
367
566
562
534
636
530
1021
894
926
958
990
989
860
892
924
956
988
1020
987
1019
1007
1004
1001
999
995
974
932
875
494
1011
1008
981
825
751
742
711
653
613
586
589
454
430
590
452
587
426
615
422
913
805
739
675
652
649
592
583
387
322
980
979
963
962
947
931
930
918
917
916
915
914
899
898
890
882
881
867
866
859
858
857
856
850
849
848
835
834
826
824
823
816
804
803
802
794
793
792
791
787
784
772
771
769
770
759
758
757
756
755
754
753
752
738
725
724
723
722
720
706
692
691
690
689
688
687
686
674
654
651
642
624
623
622
621
620
619
618
617
616
614
610
588
585
584
582
580
579
578
560
559
558
557
556
555
554
553
552
551
550
546
263
393
392
391
329
289
259
227
428
421
398
397
396
395
394
390
389
207
19
762
732
731
730
700
699
698
697
695
696
668
667
664
635
632
603
602
600
570
569
568
536
504
472
466
465
441
440
434
433
413
412
411
410
408
407
406
402
401
351
350
349
348
380
379
378
375