26269
7673
27567
25535
1
2352
11
28178
15352
2503
7893
12751
24474
22978
102
4617
16893
20851
1578
17960
18155
4591
4819
6388
14795
14895
19122
23911
946
10364
14036
6271
6184
9372
4097
8451
14392
13120
14985
12355
16585
15343
26632
28167
8763
28031
16682
9550
472
21741
8129
23352
13577
3789
24672
14769
23568
2884
27360
22663
23816
28106
27045
5573
185
13001
23472
18357
6506
27970
22152
28088
28117
23067
1598
7
1559
15044
14513
1443
25861
15796
28128
22578
22497
18523
376
26277
22224
5290
12323
7737
8420
13348
8566
8558
8402
1517
7279
4895
7589
10189
9400
10030
11336
9196
11643
1328
7125
7522
1090
9675
7565
22699
16577
624
7430
1368
10492
7861
363
7873
5393
12353
14762
26515
7237
7843
3630
12886
101
11015
14440
3259
8091
13644
5855
6292
764
22538
14391
9697
8215
8887
3784
6097
22336
26278
18772
16579
23403
8870
13972
5130
21900
13484
23898
24892
2106
15474
13971
18941
17552
8788
17109
25008
12514
28142
8465
12964
27462
25974
4046
3947
6181
6996
25058
3955
26497
21441
14796
7066
14547
1706
4495
20267
13662
5896
15118
4100
6127
15670
22830
15787
16733
25484
109
803
924
15062
28055
3815
2073
5433
20215
18381
27668
1588
28094
11753
4838
15169
22008
20942
14921
27776
1709
21791
24861
15749
4781
26859
20239
6638
23241
397
18602
23404
23836
4063
16157
23250
21232
14773
23630
14719
4707
3278
21758
21314
26263
28029
22801
26425
4392
10499
25987
5346
2285
12070
8322
16051
16449
524
22445
22881
1151
9758
4994
14357
6046
4102
3473
2368
4970
1863
3766
4723
21440
13883
13256
5649
13750
26011
25309
22000
26396
17102
18935
22693
24658
140
24900
8664
20046
15674
392
27566
15455
3068
21118
21268
1432
317
25646
11068
22742
25240
14883
19113
17928
13552
26272
957
6826
13236
13381
27111
22906
20007
25472
5797
3342
12459
19437
10536
7042
3299
14184
1392
10991
7503
5282
2214
4914
12589
14459
6697
5281
13207
6745
3831
21188
12167
13837
25509
28172
5052
4187
24227
16688
7935
27149
24965
18969
4817
1854
9750
3371
28032
27245
23899
14772
8264
20240
27875
15180
16990
7500
25728
20861
1596
17600
19477
5599
23639
17185
6391
22677
16599
28121
23047
23238
1557
12132
4110
1571
13752
4978
3661
25564
25570
5276
24635
25121
21216
17223
18542
15309
27931
23183
16319
25536
26029
23663
22740
17754
15125
13692
24772
17331
15442
24301
20532
15987
26370
23888
23237
19706
26847
28164
21170
24887
1580
20966
27269
14118
27120
26838
19371
21145
24627
19976
16627
28111
18965
21021
25967
23895
23723
10311
24021
15966
24379
28085
21635
23316
5120
19416
24018
12166
22432
27268
22273
22530
25143
14846
14536
17108
14160
19571
14837
23649
17426
21940
26416
15148
27797
27004
21069
21572
27086
22203
25639
18735
25686
19021
18571
19461
18913
4340
27144
27231
25112
24951
18364
15658
23611
15597
22847
27181
20179
28165
21745
21427
17664
27630
20993
19077
22921
21926
28013
17678
22325
15226
23242
20279
1560
7041
22597
16664
12012
3952
5265
13834
5181
12123
1932
6813
370
1205
2669
