265924
282953
242011
217436
85846
98763
225940
29008
70369
307777
266491
282702
39515
40335
117441
42063
79531
278570
287007
266052
34217
98423
258246
106890
282011
22133
180202
96430
209987
70885
208035
285583
305458
104890
152788
214709
81987
85550
149620
109487
283002
243552
308181
160894
70441
85731
263809
276951
265009
312687
290403
280887
112918
15098
107383
250749
38570
159419
78426
116879
287471
19172
265489
118613
49961
88949
282320
285538
120758
305082
67368
894
311371
258088
97282
318326
208808
268042
265815
264944
151120
186138
5120
300641
320771
209965
185071
86067
118220
98927
187405
105229
267640
53036
282592
36541
279607
76591
155156
105446
186256
49811
103815
154552
142434
77715
186213
7123
91939
309650
74248
169594
86059
202454
216186
224568
261013
187449
314246
305964
85988
40372
34524
239807
227901
296290
74577
259935
211405
77421
90253
49841
276473
189034
36298
105392
194132
211365
242081
127935
225055
191652
311890
84971
228288
34206
120757
77216
315596
282534
321115
263898
204483
104591
37149
278143
101046
304032
598
99685
305856
100339
288021
284124
232685
257010
43811
169380
69496
3220
89349
23502
295236
306097
55270
99580
36611
155884
147330
260391
97519
158419
103780
125631
39764
86703
190523
312339
223942
142004
176904
72556
188141
196757
155614
121088
285309
250378
75074
261015
307452
113859
154814
116540
279035
100057
73308
70456
79243
307869
206786
118532
56535
18420
281255
267438
82630
105380
298726
302593
94913
189588
304455
116795
205450
151684
266791
39399
104683
88320
263730
295399
317168
186284
186898
210045
122763
122291
41765
260028
38215
160174
260145
174260
190399
80951
119043
307840
225495
33871
119168
244378
29936
242493
100906
44602
